5.20856 2.93685 0.926722
1.98511 0.239867 2.12148
1.9095 2.36491 1.12442
1.70077 1.04167 0.264969
0.792054 1.24124 1.03788
0.312482 2.5306 2.04306
0.0387117 1.76221 1.47804
1.08864 0.968437 2.03564
1.82464 0.0280016 0.0182966
2.37014 0.424205 0.869464
1.19146 1.97465 1.82286
2.38197 1.77035 -0.109573
2.47541 1.48872 2.37359
3.10353 0.634084 1.75071
4.18373 0.187882 0.734513
0.483806 4.56442 0.805047
2.06191 1.27896 1.38742
3.95291 2.10951 1.18458
3.08539 1.27024 0.744801
4.0942 0.94188 1.96263
3.11947 1.83422 1.73581
3.4 3.55727 0.193239
4.67994 1.25334 1.14546
4.52621 2.50219 0.313433
3.01476 2.58271 0.964663
1.28945 3.34687 1.4796
1.05327 3.38035 0.496123
3.27718 3.8681 1.77824
2.47494 3.64555 1.1418
4.78536 2.63754 1.94658
0.675816 2.5355 0.939068
1.71004 4.25944 1.03294
2.22225 3.57255 2.31576
0.249648 3.53004 1.24135
0.540541 3.75227 2.32779
1.54535 4.29048 2.18959
3.53478 4.71769 -0.121658
0.502688 4.93831 2.24591
3.88517 4.22878 0.931874
3.95178 2.15879 2.27775
2.1766 3.09479 0.276869
2.16834 2.50242 2.366
2.65506 4.65114 0.498679
4.13712 3.38011 2.08435
3.22629 2.75687 1.99236
4.25824 4.51507 1.90429
4.86964 4.19081 1.08192
4.13252 3.19733 1.04563
0.123394 1.67765 0.159084
4.86376 5.06588 2.5685
0.339585 2.88071 0.0390919
3.82824 -0.191498 1.90895
1.36588 0.330679 1.10901
2.1316 5.03045 2.45545
1.9047 5.18002 1.24913
4.62593 4.98702 0.363027
3.02211 4.95877 1.31519
1.18891 2.92842 2.6774
1.43923 2.37553 0.0824626
4.47365 4.03366 0.162411
4.05819 1.50251 0.282353
1.29005 0.922237 3.34284
0.471829 0.458925 2.79489
2.30748 1.1719 4.1729
1.34621 1.17705 4.38795
0.795145 2.6492 4.18348
2.93744 3.04133 4.86593
1.9618 0.189987 3.49887
1.95702 1.83887 3.31999
1.85866 4.73586 4.70348
2.86633 1.71489 5.10513
0.530103 2.35572 3.20376
2.83814 0.249349 2.65805
2.9591 2.28969 4.17001
0.335987 2.23927 4.94582
0.285825 0.520591 4.04115
3.0239 0.60895 4.88024
3.18075 0.956409 3.69365
4.62492 1.65197 2.766
4.96483 1.182 3.8116
3.94621 1.77165 3.55151
0.412982 1.63744 4.03908
3.05545 2.30798 3.06433
4.64956 2.7079 3.98872
3.4569 1.29082 2.73036
4.12739 0.935832 4.28658
3.28083 3.41547 2.79751
4.40839 1.51268 5.08935
4.74853 4.76239 3.73206
4.22879 4.6797 4.59701
4.00057 2.59551 4.91809
3.93671 3.61527 4.71207
0.822518 4.48377 4.33789
2.46668 5.22345 3.59885
5.02084 3.66256 4.05907
1.88642 2.89433 4.00444
3.98112 4.0086 3.74894
1.29555 3.56348 4.5037
1.93816 3.96155 3.85859
4.81531 3.82769 2.9338
0.780001 3.37577 3.49396
2.92967 3.53776 3.88655
0.935674 4.4112 3.16061
0.24457 3.47595 4.41238
3.97318 4.77638 3.15429
2.10973 2.21676 4.86673
3.75897 2.97813 3.66641
4.77648 2.7983 2.94468
2.60448 4.19944 3.1367
2.74445 4.0804 4.67388
2.94901 4.75898 7.04304
1.23597 1.81378 6.68887
0.289191 2.10433 5.9575
1.94551 0.950014 6.71869
1.17805 0.917517 7.31985
2.3722 1.18971 7.75138
1.15282 1.96604 5.36196
0.616218 1.01982 6.37057
2.01878 0.310477 5.60413
3.42748 2.10071 7.18283
3.60698 4.48524 7.84229
2.99066 2.45235 5.78396
2.97599 1.10443 6.59519
3.63307 1.16908 7.73138
2.77541 2.66637 7.92067
3.96702 2.07304 6.06811
2.043 1.53902 5.8421
4.77842 0.661486 5.895
5.01397 3.01529 5.26056
3.76255 0.990976 5.77951
2.29613 1.9421 6.88366
4.06596 2.96562 7.05166
1.07366 2.76807 6.22179
0.738048 0.690426 5.24979
3.04295 4.81434 5.92691
1.92245 4.69694 5.65795
0.256574 3.25494 6.49693
0.725337 2.54302 7.31868
2.16235 4.0344 6.52047
2.0544 3.50922 5.36293
0.686012 3.08972 5.22
1.68632 3.36218 7.15395
2.09681 2.62736 6.10012
1.06672 4.01655 6.53526
1.25949 4.95057 7.1633
0.219643 4.50183 6.21628
-0.0128518 0.686333 7.18463
1.13332 4.03643 5.41103
0.238355 4.45985 7.60788
0.111152 1.72558 7.03783
4.53091 1.01583 6.77672
4.1511 4.62831 6.00522
4.89611 2.64413 6.62098
4.65625 3.81319 6.81456
3.07643 3.06406 6.66464
4.07197 3.08991 5.8649
3.63862 4.13502 6.72995
5.17685 4.76304 6.66909
4.54334 1.85112 7.28789
3.02811 3.75058 5.72796
3.18796 -0.00694538 5.71676
1.0206 5.1208 6.08819
3.85148 0.423754 6.98347
1.53808 0.710546 8.41958
3.82184 4.77965 9.07063
3.60831 3.38744 7.80431
0.470916 0.720484 8.24903
0.812841 0.906092 9.78092
2.56471 3.62112 7.62181
1.00379 2.73913 8.46034
2.22661 0.0785979 8.98517
2.83105 1.83172 8.52355
1.79924 2.19246 7.719
1.41479 1.61119 8.92185
0.713799 3.60284 7.63059
2.85715 5.17585 8.15398
0.747365 1.65443 7.96452
3.13033 0.0486429 8.2458
2.71242 0.706678 10.2108
-0.18089 3.59975 9.76796
4.53185 0.836463 8.0123
4.60495 1.1961 9.08732
5.08754 2.3546 9.75249
3.58689 1.5767 9.58877
5.15979 0.292053 8.58408
3.5982 2.54812 10.3753
4.55252 2.91073 8.96135
3.90897 2.29878 8.09939
4.74405 4.96515 8.49475
3.48914 1.05136 8.71045
3.88271 0.554384 10.0038
2.25073 1.03792 9.13572
4.1988 -0.0752071 8.25548
0.372702 5.13256 9.08522
0.707272 2.18573 9.66966
2.2407 2.18115 9.23841
1.17556 4.43856 8.30587
0.503565 3.54768 8.73732
1.40479 2.99998 9.46991
1.52144 4.80962 9.31213
0.9159 3.8759 9.6881
2.06975 3.7649 8.8247
2.05407 2.77866 8.50824
4.89032 2.96326 7.76397
4.51958 4.01027 8.0061
5.05162 3.8092 8.93358
4.7203 4.49445 9.51143
2.78679 3.13364 9.74396
3.27152 2.95663 8.80787
2.06912 4.51268 7.87921
2.56274 4.13319 9.71399
3.83172 3.65858 9.59025
3.15597 4.14688 8.78383
0.265238 4.78478 10.1138
4.9383 2.19278 8.37296
-0.0318261 8.96912 0.16135
1.68376 6.13948 0.760077
0.0506368 7.22845 0.383648
0.597368 6.76189 1.26329
1.14214 5.72639 1.51796
4.73256 9.97808 2.50709
1.31861 6.90778 2.0252
1.40215 7.4189 0.854058
4.75787 5.74158 1.56971
3.28884 10.153 0.532423
3.13286 7.65932 2.08349
-0.0048886 10.0759 1.41901
-0.0968977 7.98243 1.30481
3.70982 6.76288 0.586219
2.86495 8.65499 1.19747
2.79306 6.7921 1.23952
4.68267 6.62466 0.782775
3.56525 5.81559 1.02026
2.14689 7.14155 2.51873
4.9421 6.41447 2.21596
4.28245 7.21239 1.4515
3.64993 6.42131 1.87771
2.14182 7.81398 1.66205
4.8002 7.99108 0.973585
3.69019 9.17151 1.17719
2.66507 5.74649 0.488594
0.533571 7.61167 2.41724
3.19275 7.68597 0.922502
2.91969 8.64572 2.3439
1.25914 8.25813 2.05661
1.47658 8.43482 0.608688
0.849375 9.19903 1.03871
0.408322 9.95075 0.433972
1.94902 9.22285 1.18999
1.15449 9.18082 -0.000139018
2.19751 7.51194 0.3644
0.870973 10.0365 1.89416
1.37313 4.85457 0.231051
4.17891 7.15618 2.51271
2.84338 9.82191 1.37435
3.98575 8.12922 1.6814
4.64829 9.55443 1.27971
4.37919 9.02024 2.13497
4.08975 5.7359 2.56797
4.87084 8.91762 0.524746
3.1823 5.16971 2.57717
2.53651 9.20786 0.412823
0.780045 6.35812 4.0229
3.5833 5.28889 5.15084
2.23949 6.07707 2.78952
2.01138 6.28625 4.47458
2.88987 10.0682 3.65919
0.232041 7.21209 4.4288
0.354033 5.29453 3.65248
2.73417 5.51511 4.52336
0.74196 6.91769 3.18248
1.17612 10.1675 4.71213
4.42297 5.85151 4.41759
1.69052 6.63424 3.50187
1.53191 7.21271 4.9506
3.61842 5.64103 3.60508
4.07904 6.57329 3.59485
1.13456 9.82719 3.1481
4.81307 8.11561 2.50791
1.5321 5.37654 3.95206
3.07501 6.71406 2.83783
4.73371 5.74158 3.32645
3.29194 7.27247 4.45939
3.5217 7.48836 3.30943
2.87701 6.46271 4.00851
3.69644 9.48044 4.47768
4.28013 7.44922 4.16182
4.79334 8.3856 4.06021
0.763156 8.54595 3.01524
0.771297 9.31563 4.8787
0.791039 8.68583 4.05119
1.89981 9.43993 3.67063
0.31038 9.48132 3.64634
2.04242 8.89797 4.52743
3.97145 10.2281 3.72914
1.13925 7.70381 4.08727
5.05401 7.21782 2.97063
2.09299 7.40778 4.0492
2.97578 9.03932 3.6755
2.65827 8.01665 3.15544
3.6321 9.61742 2.92639
1.70015 8.74497 3.02642
4.67152 9.80248 4.35054
-0.185353 8.05956 4.91352
3.70992 8.27522 3.85267
2.49664 9.54443 2.8027
3.96826 8.38954 4.85228
2.19822 10.0899 4.6567
0.696484 5.57028 4.70131
2.72701 8.17478 4.83564
0.859428 8.03747 5.0276
3.90063 8.28331 2.83256
1.45889 7.68102 3.11271
0.162971 6.51813 2.47582
1.27677 5.69868 2.80362
0.240901 5.76014 5.96466
0.904081 6.35971 5.28668
1.78872 6.28569 6.30251
2.27109 5.42631 6.33402
2.4283 6.71311 7.08377
3.88871 9.47963 5.48037
1.35642 7.03589 6.93397
1.38772 5.99365 7.25628
0.572105 7.47195 5.83395
1.68932 9.47596 5.57346
0.0660861 5.27475 6.98176
1.89825 7.45858 5.89399
0.521386 6.55665 6.53991
0.532635 7.70335 7.07174
2.30859 5.52522 7.43027
3.36523 9.43258 6.39282
2.84224 6.17842 5.81412
4.91099 9.10615 6.49675
4.42522 5.01216 7.36721
3.73021 6.25649 6.37414
4.91417 9.85325 5.33714
3.31621 5.81375 7.14547
4.46206 5.51108 6.4659
3.84192 6.99827 7.39551
4.68626 7.23046 6.45757
4.45896 6.15172 7.16959
3.24985 7.24685 6.35871
-0.0828313 6.68185 5.45175
4.60635 5.42558 5.3423
2.94197 8.48661 7.1258
3.65859 7.43115 5.31722
2.49209 6.99392 5.12224
1.53629 8.19089 6.58142
2.32009 9.24024 6.38769
4.14111 8.12988 7.19341
0.971853 8.72268 5.88379
2.78433 8.14066 5.81428
4.02192 9.41243 7.31562
0.754635 8.88172 7.45238
1.67897 10.3453 7.522
1.33907 9.66799 6.66259
2.83741 10.2639 6.90836
1.85876 9.21496 7.30393
2.69747 9.23666 5.1235
4.54297 6.50333 5.52971
4.93429 7.59125 5.13618
3.80418 8.37733 6.3223
5.10966 8.52226 7.47616
4.43522 10.0744 6.30486
2.06478 8.10253 7.49126
0.464002 10.0895 7.33364
1.90548 5.84052 5.48895
3.43331 6.45953 5.03871
4.02527 10.4382 5.07375
1.92154 8.50817 5.57859
0.445248 10.0927 5.83902
4.80255 8.64774 5.36573
0.956777 5.59654 8.19444
2.80744 6.71041 10.1891
1.88654 5.43044 8.39243
0.913845 6.01611 9.17774
4.07611 5.82193 8.11422
1.86158 6.7172 8.57751
2.05455 5.89414 9.37797
4.58627 8.76752 8.48265
4.12739 7.92937 9.1464
2.64137 8.712 8.03046
4.33688 8.88262 9.69696
2.31269 9.66499 8.04592
2.17336 7.57992 8.30079
0.685054 7.54609 8.09771
3.4735 9.18717 10.3211
3.14953 7.5775 9.26292
4.71347 6.26694 10.1086
3.98562 7.03854 8.65606
4.09343 7.56907 10.138
3.58226 5.82218 10.209
3.25453 7.40355 8.10051
4.84896 7.10788 9.22863
3.19969 5.77782 8.95267
4.28724 6.0466 9.06177
2.73992 6.68221 9.14359
3.75067 6.69452 9.62079
3.41089 8.6473 9.32188
1.50661 6.64009 9.89012
3.66001 9.80824 9.16742
3.15002 6.35759 7.98748
0.175316 8.58191 8.16585
0.348288 9.04118 9.5065
0.899185 8.27592 8.89112
1.59792 9.25185 9.31618
0.220803 8.0152 9.70926
1.63684 8.71005 8.36083
0.203644 9.60048 8.58482
1.42356 7.96523 9.88781
2.31752 8.30178 9.07079
3.49173 9.3498 8.25943
5.07468 9.57794 8.07027
2.83161 8.18214 10.1642
4.57004 7.86769 8.12212
2.77352 9.35084 8.91115
4.66822 9.7941 9.16768
0.297787 6.86356 9.4628
0.867082 10.0004 9.45143
1.23819 9.87853 8.3337
4.86186 6.73372 7.94019
0.744234 5.9091 10.5796
2.95475 9.92253 9.79186
4.3668 9.71227 10.3526
0.562741 6.5348 7.68182
3.67186 8.33502 8.04049
6.84993 0.994512 1.66849
7.5963 1.07349 0.845521
5.64582 1.94725 1.30192
8.46928 0.0382851 0.558669
6.51414 0.0218307 1.37919
7.97523 3.91004 1.28779
5.33912 1.91146 0.384802
5.93488 3.90113 0.904444
7.9893 2.82288 1.09216
8.05498 2.28725 0.23629
5.74658 0.870854 1.37585
6.31016 1.13619 0.351145
6.65214 1.94947 2.16985
6.56262 2.037 0.588364
5.37159 -0.0728496 1.50613
9.07887 4.93423 2.46866
8.37949 0.863385 1.46321
7.69276 0.231775 1.70849
7.00355 3.58471 0.979199
8.52513 2.03939 1.64951
9.33275 1.44045 1.70241
9.30863 2.0086 0.750519
6.4538 4.89377 1.59683
9.72789 0.821656 0.892561
7.36227 2.03264 1.09692
9.45196 2.54521 1.67799
10.3684 0.809633 1.86035
9.26075 0.391826 1.73609
8.79701 4.91268 1.32426
6.26136 2.83118 1.09316
5.75198 2.93108 2.09519
5.50499 4.5293 -0.00179201
9.04367 3.89984 0.915295
6.43914 3.73428 1.85409
9.76154 3.02337 0.747615
7.22019 -0.144879 0.610049
7.46475 3.69885 2.16966
5.64508 4.87967 1.09623
6.67606 4.56529 0.363917
9.48536 3.56764 1.85007
7.09796 2.84049 1.7902
7.48839 4.98731 0.894312
5.25786 3.8505 1.97047
9.90788 4.62681 1.58458
5.55278 0.235111 0.249621
8.51701 3.19204 1.812
8.78445 2.85399 0.385511
8.23774 4.28241 2.19334
10.463 1.57743 2.61644
9.86133 4.29675 0.434699
7.47329 4.93202 2.58862
6.21316 0.558109 2.32127
5.12499 0.975892 2.24575
7.69193 1.54385 2.03714
8.37052 0.91595 2.48568
5.47737 2.05619 2.55039
7.10496 2.97751 0.0580461
7.95564 4.50726 -0.211242
8.54709 1.22074 0.513762
5.99374 2.96968 0.00362896
8.93253 4.64204 0.227059
5.97908 1.24262 4.04445
6.40671 0.502254 3.32032
9.95963 4.2984 3.97975
6.30232 1.47343 3.06159
6.76181 0.344824 4.2313
6.78384 2.38368 4.13505
7.1707 1.30686 4.82474
9.97015 4.28331 2.78968
7.37334 1.18396 3.51989
7.23853 0.248156 2.72686
5.5014 2.19101 3.74046
8.71732 0.734921 4.98338
9.90679 -0.0194709 3.4196
8.81263 4.62792 3.63822
8.0124 0.494599 4.301
6.33053 4.44732 2.78026
8.72587 0.891665 3.35922
8.16811 1.96734 3.53474
8.08629 0.00753993 3.18475
9.47336 2.23836 4.66512
9.75816 1.05752 4.54273
9.78897 1.27892 3.4879
8.38591 1.53999 4.46399
8.34711 4.02009 4.58328
10.1788 3.27497 3.02135
5.78204 5.14918 3.31832
7.08269 4.51197 3.49558
7.8977 5.12736 4.02597
5.32058 4.44991 4.60807
5.04541 0.654976 4.93502
9.40128 3.50689 4.73471
6.27419 2.54006 2.98307
6.76361 3.47667 2.91418
6.51876 3.3726 3.85122
9.16112 3.20659 3.71001
7.2901 2.46224 2.80153
5.77874 2.98225 4.42294
7.4475 3.16751 4.35529
6.50291 4.59061 4.33854
5.86644 4.18454 3.69625
5.79313 3.37516 3.03505
6.0959 3.9392 5.30092
8.51373 2.70536 4.30862
7.95921 3.32035 3.08891
8.2766 2.52819 2.49047
8.94245 0.189067 4.13902
5.30492 2.02198 4.71678
5.43592 0.192426 3.93593
6.26622 2.21777 5.05532
9.29867 4.45835 4.95099
9.93626 2.39045 3.75496
9.10901 1.85955 2.57658
9.26309 2.95487 2.68165
7.73549 2.29653 4.7957
7.34392 4.79844 5.01177
9.49686 0.944127 2.56033
9.02937 3.94781 2.84029
4.97697 1.94154 5.78338
8.03134 0.168323 5.72491
6.85131 0.646014 5.65384
7.50578 0.972971 6.35801
6.66332 1.38806 6.89972
6.85118 2.75876 6.73623
7.92922 2.31111 6.82215
6.1698 0.375846 7.22812
5.66354 2.13367 7.40042
5.91964 0.263172 6.16276
7.06519 2.02839 5.95394
5.52869 1.33469 6.58184
5.94885 2.14465 6.09827
5.0076 4.09746 5.5467
7.95486 0.289115 7.04503
8.02253 1.34715 7.20728
9.55138 2.10615 6.4822
9.57837 0.562948 5.5636
8.53502 0.856204 6.13335
5.8712 1.26322 5.54583
10.2781 1.25809 5.49784
7.95051 1.40236 5.51552
8.474 3.16407 5.41469
9.15467 0.997424 6.99266
7.72098 4.81022 6.35691
9.08766 1.59213 5.40324
5.00627 0.0688173 7.32539
8.74833 2.36459 7.38885
8.53581 4.50723 6.87819
5.76841 3.34488 6.10928
7.07543 3.92113 6.39649
6.12908 4.34795 6.52028
6.40401 4.91118 5.49048
7.62233 3.81613 5.46389
6.92003 4.93554 6.82557
9.59929 4.85526 6.1989
6.91602 3.00586 5.46006
7.7179 3.80453 7.1631
9.84354 2.91443 5.54946
8.88607 2.92226 6.56741
8.75746 3.58054 7.36119
9.84002 3.30516 7.2213
8.61425 2.26537 5.91253
5.61333 3.58495 7.19968
7.56859 2.70476 7.68123
6.70505 3.87314 7.40216
7.7346 2.9249 6.10674
9.41608 3.73789 6.10333
9.65405 4.19681 7.10155
8.61276 4.2244 5.7338
5.90554 4.661 7.47095
7.78194 4.99549 7.32276
10.4497 4.49675 5.22191
9.87084 4.84777 8.36822
5.67682 3.0153 8.91187
7.25899 2.08011 9.58553
6.55538 0.802155 8.24888
9.57756 5.06741 9.59174
6.06271 1.90327 8.32356
7.13023 1.65568 7.88698
6.18421 1.86272 9.71378
5.78614 1.0741 9.07496
6.92216 1.04171 9.29407
5.26488 1.01945 9.99004
6.66375 0.334398 10.1497
5.74829 4.63842 8.77166
10.0871 2.54761 7.89634
8.61411 4.40504 8.09028
7.84034 0.502021 8.07332
9.81069 1.50027 8.04039
9.13949 1.07284 9.06328
10.0162 1.78584 9.26188
8.47853 1.66333 9.65035
9.15906 2.26975 8.3842
10.2033 0.720616 9.03455
9.68941 0.325563 7.98085
8.82205 1.23531 8.03217
9.14521 0.258457 10.0211
7.93569 0.818606 9.13843
9.41499 1.29828 10.1824
6.6158 2.95839 7.88617
10.0183 2.86459 8.86204
8.72293 0.196189 8.62759
6.01552 3.70936 8.18362
7.21833 3.5068 8.52566
9.67367 3.74683 8.1406
6.05287 3.91144 9.32467
8.28055 3.23385 8.2916
7.03372 4.03696 9.50304
6.72219 4.55168 8.33264
10.1634 0.445865 10.1291
7.91939 0.143687 9.9452
8.02214 3.50179 10.3344
8.63669 4.6496 9.3141
9.57668 4.18758 9.13008
7.84445 2.98278 9.30815
8.78926 3.53979 9.18332
5.04102 3.30509 9.92659
8.09954 2.0667 8.34918
7.79405 4.42128 8.72619
9.58382 2.48062 9.96586
6.54098 5.04811 9.59175
7.67028 1.28903 10.1116
9.17006 3.78084 10.1045
5.62753 1.02318 7.71223
5.81338 8.62569 0.731114
7.75933 7.39481 1.70059
6.98446 5.98145 1.16226
5.80725 6.00186 1.4116
8.452 5.629 0.528227
6.3883 5.71256 0.163893
8.39049 9.7596 1.48061
7.87951 6.37607 1.71391
9.61507 5.42598 0.478845
5.41657 7.19355 0.375696
6.30087 6.80857 0.622952
8.90928 9.92799 2.65286
6.75623 7.52404 1.24428
7.65793 9.43214 2.36681
10.1405 5.8938 1.44035
8.53723 7.88055 1.18071
7.67984 7.37978 0.700541
9.30539 7.45571 -0.128486
9.70293 6.40836 0.14113
9.06464 6.08724 1.64859
9.63532 6.91525 1.1744
8.32779 5.74458 2.35523
9.3014 8.11606 1.95156
9.49773 8.34469 0.589792
9.88389 10.183 2.38592
7.29959 8.46633 2.42991
8.75869 7.00614 1.97613
8.70992 6.67955 0.544675
9.93876 9.12093 1.43974
7.376 5.3883 0.0329815
5.18618 7.50098 1.79725
7.69869 6.39296 0.444865
5.82994 9.55773 0.751074
6.46595 8.82266 1.59996
9.60065 10.0309 0.699407
7.32593 9.43319 1.42495
6.72373 9.21521 0.523872
6.46276 9.61301 2.27099
8.02051 8.54176 1.80155
7.61425 8.29328 0.657544
8.73646 8.92671 2.33897
6.08295 7.04603 1.93916
7.88526 9.37783 0.399878
8.78515 8.83509 1.25267
5.55692 9.17158 2.23179
5.71884 5.19703 2.24019
8.33194 7.87159 2.41136
9.73422 7.21296 2.39875
7.01348 7.41007 2.41877
7.16108 6.27931 2.51084
9.09335 9.11328 -0.0195874
5.22621 5.76331 0.429194
7.52947 6.11098 3.83077
6.68222 6.75563 3.32476
5.67668 5.7502 4.13689
5.44169 8.92555 3.30305
5.44895 7.9193 3.63467
9.00621 5.91047 4.34401
6.92345 5.62031 4.75577
5.43003 6.67956 3.74354
6.04601 7.45138 4.32982
7.96766 6.02979 5.10999
6.0159 7.86341 2.77258
5.75003 6.1932 2.90812
9.26119 6.91034 3.79014
6.94871 9.46082 3.30056
9.91609 6.30116 4.49436
8.24525 6.73073 4.31055
6.30951 6.50764 4.7876
8.47755 6.11674 3.43351
9.35765 6.13181 2.81486
8.56595 7.0635 2.95757
5.18663 6.4489 4.78703
8.58142 7.73906 4.08945
9.59697 5.35267 3.40714
9.06498 8.04829 3.09091
8.79075 9.03084 4.55782
9.44578 7.23831 4.77906
6.57206 5.641 3.57909
5.43342 9.03831 4.64089
9.90356 5.30163 4.67802
6.95621 7.90334 4.7839
7.34268 10.0343 4.79517
10.1505 7.4587 3.37318
5.59206 9.92654 3.00229
6.75365 9.26774 4.63893
6.16146 8.44909 4.10932
7.44981 7.32228 3.74866
7.81402 8.49154 4.3958
6.87316 8.38743 3.39474
9.02007 9.38981 3.51844
10.1193 6.26525 3.54104
7.33817 6.90002 4.71946
9.72386 8.98861 2.70337
9.68249 9.61398 4.37853
8.20696 8.7143 3.35521
6.08302 9.55525 3.77539
9.46311 8.50933 3.99472
8.044 9.5253 4.05474
5.68353 5.42163 5.12523
5.93172 10.2846 4.92141
8.85834 9.9343 5.01289
10.2778 10.1968 4.99365
6.4283 8.25496 6.17037
6.90157 6.75528 6.72224
7.02992 7.26385 5.68616
10.1215 8.7612 5.68683
5.98489 7.17855 6.53976
7.74339 6.307 6.44173
5.7009 6.42277 7.24602
6.92159 5.99383 5.85369
5.49573 6.32109 5.87484
8.39267 5.22694 5.50534
8.90781 8.93008 5.75851
5.35152 7.608 7.2456
7.99924 9.4867 5.33374
5.75419 7.25674 5.49768
9.96657 7.6952 7.7477
9.61098 6.0063 6.6868
9.37299 5.91602 5.43239
8.71633 6.17801 6.1322
9.38345 7.76734 5.84942
9.90777 6.97503 6.39577
7.25586 6.06104 7.33488
9.67016 10.1727 6.94539
8.92059 7.06494 6.73567
8.58188 5.55902 6.96899
8.55579 6.78205 5.28595
6.64112 9.17769 6.4548
6.03125 9.16421 5.46992
8.70347 8.27311 6.55979
7.81568 7.95603 5.60718
7.08703 7.76707 6.80962
5.3649 8.18475 6.24104
7.03826 8.72759 5.52678
7.49676 8.85687 6.80671
6.60745 9.91252 5.64933
5.69047 9.48304 6.93226
7.27987 10.0589 6.35467
6.00176 8.43712 7.12459
9.15484 9.08179 6.99761
6.59991 9.4434 7.49079
8.92893 7.54203 7.54335
8.21262 8.50338 7.41866
9.68314 9.75784 6.02339
9.67126 6.78193 7.45523
8.40867 9.70197 6.47593
8.05062 7.44666 7.00617
6.07962 5.60028 6.58773
9.72095 8.00901 6.80229
10.2219 8.98883 6.72575
8.35032 6.50933 7.46513
6.04546 8.17078 5.13546
8.69131 8.10303 5.06921
6.44122 6.76513 9.00979
9.43745 9.73322 8.65769
6.87927 6.04159 9.57581
5.86652 7.46638 9.7034
6.86973 6.99575 10.0421
7.47422 6.96358 8.99855
8.49631 9.82181 7.72766
7.38077 5.83003 8.37696
7.71278 7.70015 10.0019
6.3781 5.69716 8.6946
9.74394 7.77189 8.86721
5.56291 6.23691 8.51016
5.85221 6.24557 9.71964
6.55336 7.77326 8.81266
8.2919 8.79689 9.41876
8.20912 6.3788 8.65941
9.41883 5.73569 8.70729
8.27077 7.94111 8.32516
8.9456 5.93267 9.95142
8.40244 5.36221 8.25392
9.45945 6.67051 9.3048
8.89328 7.2038 8.51136
6.07971 9.91355 8.27071
7.80266 9.12399 8.34498
9.45459 8.37361 9.72596
9.88427 9.87251 9.6797
7.6296 5.32161 9.26311
6.73056 10.1494 9.18025
8.65199 7.65138 9.40334
6.5257 5.47274 7.70506
7.48679 8.14028 8.89857
10.0483 5.78764 7.91275
5.82773 9.32751 9.04765
6.28312 9.59951 10.0116
6.24872 8.80984 8.14118
5.09158 8.06434 9.09528
5.73397 10.3277 9.38661
6.94053 9.1286 8.95319
8.70756 9.74535 9.33005
7.26978 8.82464 9.88537
9.8909 9.39988 7.73028
7.14745 10.1378 8.19751
6.16687 8.42058 9.62865
5.54884 7.48369 8.27895
9.25022 8.47728 7.79855
7.77952 9.95855 8.97864
9.13336 8.7226 8.85245
7.92771 6.4553 9.67627
4.98609 8.02277 10.174
9.3612 5.10417 7.39847
7.39138 7.09512 7.92847
5.2425 5.51431 7.83275
6.40494 7.4865 7.8147
6.42849 6.4977 7.99627
10.0374 6.69197 8.45901
10.2272 5.86513 9.6117
5.36515 5.43423 9.26564
5.2689 9.32496 9.89524
6.60174 7.90881 10.4707
8.52394 8.27128 10.445
7.15361 8.31946 7.89132
