0 0 0
368.4 368.4 0
368.4 0 368.4
0 368.4 368.4
736.8 0 0
736.8 368.4 368.4
1105.2 368.4 0
1105.2 0 368.4
1473.6 0 0
1473.6 368.4 368.4
1842 368.4 0
1842 0 368.4
2210.4 0 0
2578.8 368.4 0
2578.8 0 368.4
2210.4 368.4 368.4
2947.2 0 0
2947.2 368.4 368.4
3315.6 368.4 0
3315.6 0 368.4
3684 0 0
3684 368.4 368.4
4052.4 368.4 0
4052.4 0 368.4
0 736.8 0
368.4 736.8 368.4
736.8 736.8 0
1105.2 736.8 368.4
1473.6 736.8 0
1842 736.8 368.4
2210.4 736.8 0
2578.8 736.8 368.4
2947.2 736.8 0
3315.6 736.8 368.4
3684 736.8 0
4052.4 736.8 368.4
368.4 1105.2 0
0 1105.2 368.4
0 1473.6 0
368.4 1473.6 368.4
736.8 1105.2 368.4
736.8 1473.6 0
1105.2 1105.2 0
1105.2 1473.6 368.4
1473.6 1105.2 368.4
1473.6 1473.6 0
1842 1105.2 0
1842 1473.6 368.4
2578.8 1105.2 0
2210.4 1105.2 368.4
2210.4 1473.6 0
2578.8 1473.6 368.4
2947.2 1105.2 368.4
2947.2 1473.6 0
3315.6 1105.2 0
3315.6 1473.6 368.4
3684 1105.2 368.4
3684 1473.6 0
4052.4 1105.2 0
4052.4 1473.6 368.4
368.4 1842 0
0 1842 368.4
736.8 1842 368.4
1105.2 1842 0
1473.6 1842 368.4
1842 1842 0
2578.8 1842 0
2210.4 1842 368.4
2947.2 1842 368.4
3315.6 1842 0
3684 1842 368.4
4052.4 1842 0
0 2210.4 0
368.4 2578.8 0
368.4 2210.4 368.4
0 2578.8 368.4
736.8 2210.4 0
736.8 2578.8 368.4
1105.2 2578.8 0
1105.2 2210.4 368.4
1473.6 2210.4 0
1473.6 2578.8 368.4
1842 2578.8 0
1842 2210.4 368.4
2210.4 2210.4 0
2578.8 2578.8 0
2578.8 2210.4 368.4
2210.4 2578.8 368.4
2947.2 2210.4 0
2947.2 2578.8 368.4
3315.6 2578.8 0
3315.6 2210.4 368.4
3684 2210.4 0
3684 2578.8 368.4
4052.4 2578.8 0
4052.4 2210.4 368.4
0 2947.2 0
368.4 2947.2 368.4
736.8 2947.2 0
1105.2 2947.2 368.4
1473.6 2947.2 0
1842 2947.2 368.4
2210.4 2947.2 0
2578.8 2947.2 368.4
2947.2 2947.2 0
3315.6 2947.2 368.4
3684 2947.2 0
4052.4 2947.2 368.4
368.4 3315.6 0
0 3315.6 368.4
0 3684 0
368.4 3684 368.4
736.8 3315.6 368.4
736.8 3684 0
1105.2 3315.6 0
1105.2 3684 368.4
1473.6 3315.6 368.4
1473.6 3684 0
1842 3315.6 0
1842 3684 368.4
2578.8 3315.6 0
2210.4 3315.6 368.4
2210.4 3684 0
2578.8 3684 368.4
2947.2 3315.6 368.4
2947.2 3684 0
3315.6 3315.6 0
3315.6 3684 368.4
3684 3315.6 368.4
3684 3684 0
4052.4 3315.6 0
4052.4 3684 368.4
368.4 4052.4 0
0 4052.4 368.4
736.8 4052.4 368.4
1105.2 4052.4 0
1473.6 4052.4 368.4
1842 4052.4 0
2578.8 4052.4 0
2210.4 4052.4 368.4
2947.2 4052.4 368.4
3315.6 4052.4 0
3684 4052.4 368.4
4052.4 4052.4 0
0 0 736.8
368.4 368.4 736.8
736.8 0 736.8
1105.2 368.4 736.8
1473.6 0 736.8
1842 368.4 736.8
2210.4 0 736.8
2578.8 368.4 736.8
2947.2 0 736.8
3315.6 368.4 736.8
3684 0 736.8
4052.4 368.4 736.8
0 736.8 736.8
736.8 736.8 736.8
1473.6 736.8 736.8
2210.4 736.8 736.8
2947.2 736.8 736.8
3684 736.8 736.8
368.4 1105.2 736.8
0 1473.6 736.8
736.8 1473.6 736.8
1105.2 1105.2 736.8
1473.6 1473.6 736.8
1842 1105.2 736.8
2578.8 1105.2 736.8
2210.4 1473.6 736.8
2947.2 1473.6 736.8
3315.6 1105.2 736.8
3684 1473.6 736.8
4052.4 1105.2 736.8
368.4 1842 736.8
1105.2 1842 736.8
1842 1842 736.8
2578.8 1842 736.8
3315.6 1842 736.8
4052.4 1842 736.8
0 2210.4 736.8
368.4 2578.8 736.8
736.8 2210.4 736.8
1105.2 2578.8 736.8
1473.6 2210.4 736.8
1842 2578.8 736.8
2210.4 2210.4 736.8
2578.8 2578.8 736.8
2947.2 2210.4 736.8
3315.6 2578.8 736.8
3684 2210.4 736.8
4052.4 2578.8 736.8
0 2947.2 736.8
736.8 2947.2 736.8
1473.6 2947.2 736.8
2210.4 2947.2 736.8
2947.2 2947.2 736.8
3684 2947.2 736.8
368.4 3315.6 736.8
0 3684 736.8
736.8 3684 736.8
1105.2 3315.6 736.8
1473.6 3684 736.8
1842 3315.6 736.8
2578.8 3315.6 736.8
2210.4 3684 736.8
2947.2 3684 736.8
3315.6 3315.6 736.8
3684 3684 736.8
4052.4 3315.6 736.8
368.4 4052.4 736.8
1105.2 4052.4 736.8
1842 4052.4 736.8
2578.8 4052.4 736.8
3315.6 4052.4 736.8
4052.4 4052.4 736.8
368.4 0 1105.2
0 368.4 1105.2
0 0 1473.6
368.4 368.4 1473.6
736.8 368.4 1105.2
736.8 0 1473.6
1105.2 0 1105.2
1105.2 368.4 1473.6
1473.6 368.4 1105.2
1473.6 0 1473.6
1842 0 1105.2
1842 368.4 1473.6
2578.8 0 1105.2
2210.4 368.4 1105.2
2210.4 0 1473.6
2578.8 368.4 1473.6
2947.2 368.4 1105.2
2947.2 0 1473.6
3315.6 0 1105.2
3315.6 368.4 1473.6
3684 368.4 1105.2
3684 0 1473.6
4052.4 0 1105.2
4052.4 368.4 1473.6
368.4 736.8 1105.2
0 736.8 1473.6
736.8 736.8 1473.6
1105.2 736.8 1105.2
1473.6 736.8 1473.6
1842 736.8 1105.2
2578.8 736.8 1105.2
2210.4 736.8 1473.6
2947.2 736.8 1473.6
3315.6 736.8 1105.2
3684 736.8 1473.6
4052.4 736.8 1105.2
0 1105.2 1105.2
368.4 1105.2 1473.6
368.4 1473.6 1105.2
0 1473.6 1473.6
736.8 1105.2 1105.2
736.8 1473.6 1473.6
1105.2 1105.2 1473.6
1105.2 1473.6 1105.2
1473.6 1105.2 1105.2
1473.6 1473.6 1473.6
1842 1105.2 1473.6
1842 1473.6 1105.2
2210.4 1105.2 1105.2
2578.8 1105.2 1473.6
2578.8 1473.6 1105.2
2210.4 1473.6 1473.6
2947.2 1105.2 1105.2
2947.2 1473.6 1473.6
3315.6 1105.2 1473.6
3315.6 1473.6 1105.2
3684 1105.2 1105.2
3684 1473.6 1473.6
4052.4 1105.2 1473.6
4052.4 1473.6 1105.2
0 1842 1105.2
368.4 1842 1473.6
736.8 1842 1105.2
1105.2 1842 1473.6
1473.6 1842 1105.2
1842 1842 1473.6
2210.4 1842 1105.2
2578.8 1842 1473.6
2947.2 1842 1105.2
3315.6 1842 1473.6
3684 1842 1105.2
4052.4 1842 1473.6
368.4 2210.4 1105.2
0 2578.8 1105.2
0 2210.4 1473.6
368.4 2578.8 1473.6
736.8 2578.8 1105.2
736.8 2210.4 1473.6
1105.2 2210.4 1105.2
1105.2 2578.8 1473.6
1473.6 2578.8 1105.2
1473.6 2210.4 1473.6
1842 2210.4 1105.2
1842 2578.8 1473.6
2578.8 2210.4 1105.2
2210.4 2578.8 1105.2
2210.4 2210.4 1473.6
2578.8 2578.8 1473.6
2947.2 2578.8 1105.2
2947.2 2210.4 1473.6
3315.6 2210.4 1105.2
3315.6 2578.8 1473.6
3684 2578.8 1105.2
3684 2210.4 1473.6
4052.4 2210.4 1105.2
4052.4 2578.8 1473.6
368.4 2947.2 1105.2
0 2947.2 1473.6
736.8 2947.2 1473.6
1105.2 2947.2 1105.2
1473.6 2947.2 1473.6
1842 2947.2 1105.2
2578.8 2947.2 1105.2
2210.4 2947.2 1473.6
2947.2 2947.2 1473.6
3315.6 2947.2 1105.2
3684 2947.2 1473.6
4052.4 2947.2 1105.2
0 3315.6 1105.2
368.4 3315.6 1473.6
368.4 3684 1105.2
0 3684 1473.6
736.8 3315.6 1105.2
736.8 3684 1473.6
1105.2 3315.6 1473.6
1105.2 3684 1105.2
1473.6 3315.6 1105.2
1473.6 3684 1473.6
1842 3315.6 1473.6
1842 3684 1105.2
2210.4 3315.6 1105.2
2578.8 3315.6 1473.6
2578.8 3684 1105.2
2210.4 3684 1473.6
2947.2 3315.6 1105.2
2947.2 3684 1473.6
3315.6 3315.6 1473.6
3315.6 3684 1105.2
3684 3315.6 1105.2
3684 3684 1473.6
4052.4 3315.6 1473.6
4052.4 3684 1105.2
0 4052.4 1105.2
368.4 4052.4 1473.6
736.8 4052.4 1105.2
1105.2 4052.4 1473.6
1473.6 4052.4 1105.2
1842 4052.4 1473.6
2210.4 4052.4 1105.2
2578.8 4052.4 1473.6
2947.2 4052.4 1105.2
3315.6 4052.4 1473.6
3684 4052.4 1105.2
4052.4 4052.4 1473.6
368.4 0 1842
0 368.4 1842
736.8 368.4 1842
1105.2 0 1842
1473.6 368.4 1842
1842 0 1842
2578.8 0 1842
2210.4 368.4 1842
2947.2 368.4 1842
3315.6 0 1842
3684 368.4 1842
4052.4 0 1842
368.4 736.8 1842
1105.2 736.8 1842
1842 736.8 1842
2578.8 736.8 1842
3315.6 736.8 1842
4052.4 736.8 1842
0 1105.2 1842
368.4 1473.6 1842
736.8 1105.2 1842
1105.2 1473.6 1842
1473.6 1105.2 1842
1842 1473.6 1842
2210.4 1105.2 1842
2578.8 1473.6 1842
2947.2 1105.2 1842
3315.6 1473.6 1842
3684 1105.2 1842
4052.4 1473.6 1842
0 1842 1842
736.8 1842 1842
1473.6 1842 1842
2210.4 1842 1842
2947.2 1842 1842
3684 1842 1842
368.4 2210.4 1842
0 2578.8 1842
736.8 2578.8 1842
1105.2 2210.4 1842
1473.6 2578.8 1842
1842 2210.4 1842
2578.8 2210.4 1842
2210.4 2578.8 1842
2947.2 2578.8 1842
3315.6 2210.4 1842
3684 2578.8 1842
4052.4 2210.4 1842
368.4 2947.2 1842
1105.2 2947.2 1842
1842 2947.2 1842
2578.8 2947.2 1842
3315.6 2947.2 1842
4052.4 2947.2 1842
0 3315.6 1842
368.4 3684 1842
736.8 3315.6 1842
1105.2 3684 1842
1473.6 3315.6 1842
1842 3684 1842
2210.4 3315.6 1842
2578.8 3684 1842
2947.2 3315.6 1842
3315.6 3684 1842
3684 3315.6 1842
4052.4 3684 1842
0 4052.4 1842
736.8 4052.4 1842
1473.6 4052.4 1842
2210.4 4052.4 1842
2947.2 4052.4 1842
3684 4052.4 1842
0 0 2210.4
368.4 368.4 2210.4
368.4 0 2578.8
0 368.4 2578.8
736.8 0 2210.4
736.8 368.4 2578.8
1105.2 368.4 2210.4
1105.2 0 2578.8
1473.6 0 2210.4
1473.6 368.4 2578.8
1842 368.4 2210.4
1842 0 2578.8
2210.4 0 2210.4
2578.8 368.4 2210.4
2578.8 0 2578.8
2210.4 368.4 2578.8
2947.2 0 2210.4
2947.2 368.4 2578.8
3315.6 368.4 2210.4
3315.6 0 2578.8
3684 0 2210.4
3684 368.4 2578.8
4052.4 368.4 2210.4
4052.4 0 2578.8
0 736.8 2210.4
368.4 736.8 2578.8
736.8 736.8 2210.4
1105.2 736.8 2578.8
1473.6 736.8 2210.4
1842 736.8 2578.8
2210.4 736.8 2210.4
2578.8 736.8 2578.8
2947.2 736.8 2210.4
3315.6 736.8 2578.8
3684 736.8 2210.4
4052.4 736.8 2578.8
368.4 1105.2 2210.4
0 1105.2 2578.8
0 1473.6 2210.4
368.4 1473.6 2578.8
736.8 1105.2 2578.8
736.8 1473.6 2210.4
1105.2 1105.2 2210.4
1105.2 1473.6 2578.8
1473.6 1105.2 2578.8
1473.6 1473.6 2210.4
1842 1105.2 2210.4
1842 1473.6 2578.8
2578.8 1105.2 2210.4
2210.4 1105.2 2578.8
2210.4 1473.6 2210.4
2578.8 1473.6 2578.8
2947.2 1105.2 2578.8
2947.2 1473.6 2210.4
3315.6 1105.2 2210.4
3315.6 1473.6 2578.8
3684 1105.2 2578.8
3684 1473.6 2210.4
4052.4 1105.2 2210.4
4052.4 1473.6 2578.8
368.4 1842 2210.4
0 1842 2578.8
736.8 1842 2578.8
1105.2 1842 2210.4
1473.6 1842 2578.8
1842 1842 2210.4
2578.8 1842 2210.4
2210.4 1842 2578.8
2947.2 1842 2578.8
3315.6 1842 2210.4
3684 1842 2578.8
4052.4 1842 2210.4
0 2210.4 2210.4
368.4 2578.8 2210.4
368.4 2210.4 2578.8
0 2578.8 2578.8
736.8 2210.4 2210.4
736.8 2578.8 2578.8
1105.2 2578.8 2210.4
1105.2 2210.4 2578.8
1473.6 2210.4 2210.4
1473.6 2578.8 2578.8
1842 2578.8 2210.4
1842 2210.4 2578.8
2210.4 2210.4 2210.4
2578.8 2578.8 2210.4
2578.8 2210.4 2578.8
2210.4 2578.8 2578.8
2947.2 2210.4 2210.4
2947.2 2578.8 2578.8
3315.6 2578.8 2210.4
3315.6 2210.4 2578.8
3684 2210.4 2210.4
3684 2578.8 2578.8
4052.4 2578.8 2210.4
4052.4 2210.4 2578.8
0 2947.2 2210.4
368.4 2947.2 2578.8
736.8 2947.2 2210.4
1105.2 2947.2 2578.8
1473.6 2947.2 2210.4
1842 2947.2 2578.8
2210.4 2947.2 2210.4
2578.8 2947.2 2578.8
2947.2 2947.2 2210.4
3315.6 2947.2 2578.8
3684 2947.2 2210.4
4052.4 2947.2 2578.8
368.4 3315.6 2210.4
0 3315.6 2578.8
0 3684 2210.4
368.4 3684 2578.8
736.8 3315.6 2578.8
736.8 3684 2210.4
1105.2 3315.6 2210.4
1105.2 3684 2578.8
1473.6 3315.6 2578.8
1473.6 3684 2210.4
1842 3315.6 2210.4
1842 3684 2578.8
2578.8 3315.6 2210.4
2210.4 3315.6 2578.8
2210.4 3684 2210.4
2578.8 3684 2578.8
2947.2 3315.6 2578.8
2947.2 3684 2210.4
3315.6 3315.6 2210.4
3315.6 3684 2578.8
3684 3315.6 2578.8
3684 3684 2210.4
4052.4 3315.6 2210.4
4052.4 3684 2578.8
368.4 4052.4 2210.4
0 4052.4 2578.8
736.8 4052.4 2578.8
1105.2 4052.4 2210.4
1473.6 4052.4 2578.8
1842 4052.4 2210.4
2578.8 4052.4 2210.4
2210.4 4052.4 2578.8
2947.2 4052.4 2578.8
3315.6 4052.4 2210.4
3684 4052.4 2578.8
4052.4 4052.4 2210.4
0 0 2947.2
368.4 368.4 2947.2
736.8 0 2947.2
1105.2 368.4 2947.2
1473.6 0 2947.2
1842 368.4 2947.2
2210.4 0 2947.2
2578.8 368.4 2947.2
2947.2 0 2947.2
3315.6 368.4 2947.2
3684 0 2947.2
4052.4 368.4 2947.2
0 736.8 2947.2
736.8 736.8 2947.2
1473.6 736.8 2947.2
2210.4 736.8 2947.2
2947.2 736.8 2947.2
3684 736.8 2947.2
368.4 1105.2 2947.2
0 1473.6 2947.2
736.8 1473.6 2947.2
1105.2 1105.2 2947.2
1473.6 1473.6 2947.2
1842 1105.2 2947.2
2578.8 1105.2 2947.2
2210.4 1473.6 2947.2
2947.2 1473.6 2947.2
3315.6 1105.2 2947.2
3684 1473.6 2947.2
4052.4 1105.2 2947.2
368.4 1842 2947.2
1105.2 1842 2947.2
1842 1842 2947.2
2578.8 1842 2947.2
3315.6 1842 2947.2
4052.4 1842 2947.2
0 2210.4 2947.2
368.4 2578.8 2947.2
736.8 2210.4 2947.2
1105.2 2578.8 2947.2
1473.6 2210.4 2947.2
1842 2578.8 2947.2
2210.4 2210.4 2947.2
2578.8 2578.8 2947.2
2947.2 2210.4 2947.2
3315.6 2578.8 2947.2
3684 2210.4 2947.2
4052.4 2578.8 2947.2
0 2947.2 2947.2
736.8 2947.2 2947.2
1473.6 2947.2 2947.2
2210.4 2947.2 2947.2
2947.2 2947.2 2947.2
3684 2947.2 2947.2
368.4 3315.6 2947.2
0 3684 2947.2
736.8 3684 2947.2
1105.2 3315.6 2947.2
1473.6 3684 2947.2
1842 3315.6 2947.2
2578.8 3315.6 2947.2
2210.4 3684 2947.2
2947.2 3684 2947.2
3315.6 3315.6 2947.2
3684 3684 2947.2
4052.4 3315.6 2947.2
368.4 4052.4 2947.2
1105.2 4052.4 2947.2
1842 4052.4 2947.2
2578.8 4052.4 2947.2
3315.6 4052.4 2947.2
4052.4 4052.4 2947.2
368.4 0 3315.6
0 368.4 3315.6
0 0 3684
368.4 368.4 3684
736.8 368.4 3315.6
736.8 0 3684
1105.2 0 3315.6
1105.2 368.4 3684
1473.6 368.4 3315.6
1473.6 0 3684
1842 0 3315.6
1842 368.4 3684
2578.8 0 3315.6
2210.4 368.4 3315.6
2210.4 0 3684
2578.8 368.4 3684
2947.2 368.4 3315.6
2947.2 0 3684
3315.6 0 3315.6
3315.6 368.4 3684
3684 368.4 3315.6
3684 0 3684
4052.4 0 3315.6
4052.4 368.4 3684
368.4 736.8 3315.6
0 736.8 3684
736.8 736.8 3684
1105.2 736.8 3315.6
1473.6 736.8 3684
1842 736.8 3315.6
2578.8 736.8 3315.6
2210.4 736.8 3684
2947.2 736.8 3684
3315.6 736.8 3315.6
3684 736.8 3684
4052.4 736.8 3315.6
0 1105.2 3315.6
368.4 1105.2 3684
368.4 1473.6 3315.6
0 1473.6 3684
736.8 1105.2 3315.6
736.8 1473.6 3684
1105.2 1105.2 3684
1105.2 1473.6 3315.6
1473.6 1105.2 3315.6
1473.6 1473.6 3684
1842 1105.2 3684
1842 1473.6 3315.6
2210.4 1105.2 3315.6
2578.8 1105.2 3684
2578.8 1473.6 3315.6
2210.4 1473.6 3684
2947.2 1105.2 3315.6
2947.2 1473.6 3684
3315.6 1105.2 3684
3315.6 1473.6 3315.6
3684 1105.2 3315.6
3684 1473.6 3684
4052.4 1105.2 3684
4052.4 1473.6 3315.6
0 1842 3315.6
368.4 1842 3684
736.8 1842 3315.6
1105.2 1842 3684
1473.6 1842 3315.6
1842 1842 3684
2210.4 1842 3315.6
2578.8 1842 3684
2947.2 1842 3315.6
3315.6 1842 3684
3684 1842 3315.6
4052.4 1842 3684
368.4 2210.4 3315.6
0 2578.8 3315.6
0 2210.4 3684
368.4 2578.8 3684
736.8 2578.8 3315.6
736.8 2210.4 3684
1105.2 2210.4 3315.6
1105.2 2578.8 3684
1473.6 2578.8 3315.6
1473.6 2210.4 3684
1842 2210.4 3315.6
1842 2578.8 3684
2578.8 2210.4 3315.6
2210.4 2578.8 3315.6
2210.4 2210.4 3684
2578.8 2578.8 3684
2947.2 2578.8 3315.6
2947.2 2210.4 3684
3315.6 2210.4 3315.6
3315.6 2578.8 3684
3684 2578.8 3315.6
3684 2210.4 3684
4052.4 2210.4 3315.6
4052.4 2578.8 3684
368.4 2947.2 3315.6
0 2947.2 3684
736.8 2947.2 3684
1105.2 2947.2 3315.6
1473.6 2947.2 3684
1842 2947.2 3315.6
2578.8 2947.2 3315.6
2210.4 2947.2 3684
2947.2 2947.2 3684
3315.6 2947.2 3315.6
3684 2947.2 3684
4052.4 2947.2 3315.6
0 3315.6 3315.6
368.4 3315.6 3684
368.4 3684 3315.6
0 3684 3684
736.8 3315.6 3315.6
736.8 3684 3684
1105.2 3315.6 3684
1105.2 3684 3315.6
1473.6 3315.6 3315.6
1473.6 3684 3684
1842 3315.6 3684
1842 3684 3315.6
2210.4 3315.6 3315.6
2578.8 3315.6 3684
2578.8 3684 3315.6
2210.4 3684 3684
2947.2 3315.6 3315.6
2947.2 3684 3684
3315.6 3315.6 3684
3315.6 3684 3315.6
3684 3315.6 3315.6
3684 3684 3684
4052.4 3315.6 3684
4052.4 3684 3315.6
0 4052.4 3315.6
368.4 4052.4 3684
736.8 4052.4 3315.6
1105.2 4052.4 3684
1473.6 4052.4 3315.6
1842 4052.4 3684
2210.4 4052.4 3315.6
2578.8 4052.4 3684
2947.2 4052.4 3315.6
3315.6 4052.4 3684
3684 4052.4 3315.6
4052.4 4052.4 3684
368.4 0 4052.4
0 368.4 4052.4
736.8 368.4 4052.4
1105.2 0 4052.4
1473.6 368.4 4052.4
1842 0 4052.4
2578.8 0 4052.4
2210.4 368.4 4052.4
2947.2 368.4 4052.4
3315.6 0 4052.4
3684 368.4 4052.4
4052.4 0 4052.4
368.4 736.8 4052.4
1105.2 736.8 4052.4
1842 736.8 4052.4
2578.8 736.8 4052.4
3315.6 736.8 4052.4
4052.4 736.8 4052.4
0 1105.2 4052.4
368.4 1473.6 4052.4
736.8 1105.2 4052.4
1105.2 1473.6 4052.4
1473.6 1105.2 4052.4
1842 1473.6 4052.4
2210.4 1105.2 4052.4
2578.8 1473.6 4052.4
2947.2 1105.2 4052.4
3315.6 1473.6 4052.4
3684 1105.2 4052.4
4052.4 1473.6 4052.4
0 1842 4052.4
736.8 1842 4052.4
1473.6 1842 4052.4
2210.4 1842 4052.4
2947.2 1842 4052.4
3684 1842 4052.4
368.4 2210.4 4052.4
0 2578.8 4052.4
736.8 2578.8 4052.4
1105.2 2210.4 4052.4
1473.6 2578.8 4052.4
1842 2210.4 4052.4
2578.8 2210.4 4052.4
2210.4 2578.8 4052.4
2947.2 2578.8 4052.4
3315.6 2210.4 4052.4
3684 2578.8 4052.4
4052.4 2210.4 4052.4
368.4 2947.2 4052.4
1105.2 2947.2 4052.4
1842 2947.2 4052.4
2578.8 2947.2 4052.4
3315.6 2947.2 4052.4
4052.4 2947.2 4052.4
0 3315.6 4052.4
368.4 3684 4052.4
736.8 3315.6 4052.4
1105.2 3684 4052.4
1473.6 3315.6 4052.4
1842 3684 4052.4
2210.4 3315.6 4052.4
2578.8 3684 4052.4
2947.2 3315.6 4052.4
3315.6 3684 4052.4
3684 3315.6 4052.4
4052.4 3684 4052.4
0 4052.4 4052.4
736.8 4052.4 4052.4
1473.6 4052.4 4052.4
2210.4 4052.4 4052.4
2947.2 4052.4 4052.4
3684 4052.4 4052.4
